CHIP0
13.98774764 -0.001170969328 -0.02119502082
0 0 0
0.0005003769716 -0.008315499818 3.141694257
CHIP1
-0.0113228292 10.66882755 -0.09001467757
0 0 0
1.822034638e-05 0.006708912307 -9.337452398e-05
CHIP2
14.29730364 10.67146279 -0.01319267247
0 0 0
0.0001826343078 -0.006902328534 -5.338195645e-05
CHIP3
28.28450337 -0.001000097777 -0.1965770007
0 0 0
0.0002091815225 -0.002408557876 3.141781321
QUAD
6.126459744 188 -3.170278351
14.129 5.325 5.872868471
3.14775622 0.02697485721 0.02723444041
TIMEWALKPARAMETERS
0.15 3
[0]+[1]/(x+[2]) 
1 0.5810976238 0.05947142477 
DRIFTSPEED
0.05504079411
T0OFFSET
-210
HITERROR
-0.7
0.016 0.016 0.2
0.3 0.3 0.221
TELESCOPE
PLANE0
0.2056860449 -0.02709118701
11.56694348 5.622737092
-0.01850971563
PLANE1
0 0
11.58322739 5.648681475
0
PLANE2
-0.2052867481 -0.05764695839
11.60731349 5.559599269
-0.0007784284452
PLANE3
0.02427126262 0.02239866142
11.5747831 5.195657702
-0.008250144395
PLANE4
0 0
11.63805056 5.187075677
-0.01004595844
PLANE5
0.1614665495 -0.08133596055
11.4303827 5.190174626
-0.005252477799
SLOPES
7.230375014e-05 -0.001137325389
