CHIP0
14.014 0.012 0
0 0 0
0 0 0
CHIP1
-0.026 10.659 0
0 0 0
0 0 0
CHIP2
14.237 10.652 0
0 0 0
0 0 0
CHIP3
28.273 0.006 0
0 0 0
0 0 0
QUAD
-2 188 -2
12.3436 183 -2
3.141592 0.0 0.0
TIMEWALKPARAMETERS
0.15 3
[0]+[1]/(x+[2]) 
1 0.5810976238 0.05947142477 
DRIFTSPEED
0.05872868471
HITERROR
-1
0.1 0.1 2
0.11 0.11 0.1
TELESCOPE
PLANE0
0.2008282892 -0.03065874594
11.29198359 5.831773849
-0.01896745636
PLANE1
0 0
11.06749797 5.820886814
0
PLANE2
-0.2041039852 -0.05605789013
10.90223479 5.737338322
-0.0005436462188
PLANE3
0.02319844344 0.02444488313
11.02399463 5.441499211
-0.002907305978
PLANE4
0 0
11.07467985 5.404781603
-0.004487085442
PLANE5
0.1608081136 -0.07810211262
10.8815801 5.341229408
0.0004743744911
SLOPES
-0.0001604781811 -0.001005559421
