CHIP0
14.014 0.012 0
0 0 0
0 0 0
CHIP1
-0.026 10.659 0
0 0 0
0 0 0
CHIP2
14.237 10.652 0
0 0 0
0 0 0
CHIP3
28.273 0.006 0
0 0 0
0 0 0
QUAD
11.9934196 15.71011495 20
12.3436 -5.43479 12
0 0 0
TIMEWALKPARAMETERS
0.15 3
[0]+[1]/(x+[2]) 
1 0.5810976238 0.05947142477 
DRIFTSPEED
0.05872868471
HITERROR
-1
0.1 0.1 2
0.11 0.11 0.1
TELESCOPE
PLANE0
0.1613023518 0.1435570064
11.480891 4.703601404
-0.01844003246
PLANE1
0.01821602888 0.02170362582
11.03874422 5.173764287
0
PLANE2
-0.1150901166 -0.1678166462
11.29324385 4.878025429
-0.0005704336925
PLANE3
1.342493975 0.006587055444
8.351241589 7.137615951
-0.00703252644
PLANE4
1.343584946 -0.1060869212
10.01019523 6.658671244
-0.01102203667
PLANE5
1.58224676 -0.2993241802
5.89008451 7.067573412
0.0131034426
SLOPES
-0.002392170913 0.001667908821
