CHIP0
14.014 0.012 0
0 0 0
0 0 0
CHIP1
-0.026 10.659 0
0 0 0
0 0 0
CHIP2
14.237 10.652 0
0 0 0
0 0 0
CHIP3
28.273 0.006 0
0 0 0
0 0 0
QUAD
-2.650804048 188 -3.078061645
14.129 5.325 5.872868471
3.14159 0 0
TIMEWALKPARAMETERS
0.15 3
[0]+[1]/(x+[2]) 
1 0.5810976238 0.05947142477 
DRIFTSPEED
0.05872868471
T0OFFSET
-100
HITERROR
-1
0.1 0.1 2
0.11 0.11 0.1
TELESCOPE
PLANE0
0.2024100988 -0.02021664192
11.98561935 5.780641183
-0.01850375587
PLANE1
0 0
12.02070197 5.761198944
0
PLANE2
-0.2053973134 -0.0592902197
12.0370393 5.72413944
-0.0007951143889
PLANE3
0.02392276873 0.02221707673
12.0623823 5.40471046
-0.008510441821
PLANE4
0 0
12.14160335 5.39077881
-0.01029961907
PLANE5
0.1623186662 -0.08217945992
11.90996089 5.422861489
-0.005520704223
SLOPES
0.0002391293583 -0.0009184227792
