CHIP0
14.014 0.012 0
0 0 0
0 0 0
CHIP1
-0.026 10.659 0
0 0 0
0 0 0
CHIP2
14.237 10.652 0
0 0 0
0 0 0
CHIP3
28.273 0.006 0
0 0 0
0 0 0
QUAD
-2.503353748 188 -1.170394583
14.129 5.325 5.872868471
3.159442654 -0.007710488093 0.04555343552
TIMEWALKPARAMETERS
0.1 3
[0]+[1]/(x+[2]) 
-1 2.5 0.5 
DRIFTSPEED
0.05696971749
T0OFFSET
-210
HITERROR
-1
0.1 0.1 2
0.11 0.11 0.1
TELESCOPE
PLANE0
0.1607090083 0.1397538764
11.49779024 4.826721567
-0.01912785941
PLANE1
0.01821602888 0.02170362582
11.34624196 5.059919638
0
PLANE2
-0.1114528723 -0.1769376858
11.33806956 5.046060519
-0.0001386701703
PLANE3
1.325526809 0.1832731951
9.926521014 5.729050231
0.0009033895696
PLANE4
1.343584946 -0.1060869212
9.973079191 7.086961332
0.0007024008346
PLANE5
1.583114453 -0.495686158
10.41577701 7.059144055
0.00358493126
SLOPES
-0.003516729632 0.004952940259
