CHIP0
14.04823856 0.001224821287 0.1166828052
0 0 0
-0.0001659773636 0.008564226298 3.141402441
CHIP1
-0.02248891465 10.66869868 -0.05774248455
0 0 0
-0.0001864892968 0.006087639789 8.158259752e-06
CHIP2
14.29730364 10.67146279 -0.01319267247
0 0 0
0.0001826343078 -0.006902328534 -5.338195645e-05
CHIP3
28.28450337 -0.001000097777 -0.1965770007
0 0 0
0.0002091815225 -0.002408557876 3.141781321
QUAD
-11.44068774 188 -2.795012444
14.129 5.325 5.872868471
3.143987387 0.0130402655 0.02709773345
TIMEWALKPARAMETERS
0.15 3
[0]+[1]/(x+[2]) 
1 0.5810976238 0.05947142477 
DRIFTSPEED
0.05530315359
T0OFFSET
-210
HITERROR
-0.7
0.016 0.016 0.2
0.3 0.3 0.221
TELESCOPE
PLANE0
0.2072924128 -0.01989110877
12.03352359 5.441206809
-0.01840230238
PLANE1
0 0
12.02352111 5.468558592
0
PLANE2
-0.2055502625 -0.0600574927
12.06308842 5.388425308
-0.0007952302674
PLANE3
0.02420909231 0.02240900601
12.00847791 5.020891822
-0.009303702571
PLANE4
0 0
12.12193769 5.034488349
-0.01114736389
PLANE5
0.1613313233 -0.08324435036
11.88128106 5.021651395
-0.006402927545
SLOPES
0.0002167005869 -0.001089092161
